 4256 larry     20   0   14552  11504   1180 S   0,0   0,3   0:00.00 a.out
 4256 larry     20   0   24796  21704   1360 S   0,0   0,6   0:00.00 a.out
 4256 larry     20   0   35040  32000   1360 S   1,7   0,8   0:00.01 a.out
 4256 larry     20   0   45284  42296   1360 S   0,0   1,1   0:00.01 a.out
 4256 larry     20   0   55528  52592   1360 S   0,0   1,3   0:00.02 a.out
 4256 larry     20   0   65772  62888   1360 S   0,0   1,6   0:00.02 a.out
 4256 larry     20   0   76016  72920   1360 S   1,6   1,9   0:00.03 a.out
 4256 larry     20   0   86260  83216   1360 S   0,0   2,1   0:00.03 a.out
 4256 larry     20   0   96504  93512   1360 S   1,7   2,4   0:00.04 a.out
 4256 larry     20   0  106748 103808   1360 S   0,0   2,6   0:00.04 a.out
